rank_scope,rank_scope_position,bestseller_rank,rank_delta,trend_score,niche_score,product_id,merchant_id,offer_key,title,brand,seller_name,price,original_price,price_delta_percent,stock_status,sales_signal,sales_signal_days,sales_signal_min,sales_signal_daily_min,rating,review_count,review_delta,question_count,campaigns,delivery_summary,detail_status,detail_age_days,url
kozmetik:kozmetik-vitrini,365,365,-97,129.9,0,346906687,194370,346906687:194370,Licape İki Aşamalı Cilt Ve Makyaj Temizleme Yağı 400 ml,Licape,Licape,1,698,-99.9,InStock,,,,,4.6,5570,0,750,"[""Kargo Bedava""]",1 saat 50 dakika içinde sipariş verirsen en geç bugün kargoda!,carried_forward,1,https://www.trendyol.com/licape/iki-asamali-cilt-ve-makyaj-temizleme-yagi-400-ml-p-346906687?boutiqueId=61&merchantId=194370
kozmetik:kozmetik-vitrini,323,323,-28,127.8,31.2,1165573238,1158462,1165573238:1158462,NIVOSHE 75ML Diş Beyazlatıcı Jel Parlatıcı Jel 75 ML Teeth Whitening Gel 75ML,NIVOSHE,DEVACOS SAĞLIKLI YAŞAM ÜRÜNLERİ,1,499,-99.8,InStock,Son 3 günde 500+ ürün satıldı!,3,500,166.7,4.5,286,0,184,"[""Kargo Bedava""]",Tahmini Teslim:,carried_forward,2,https://www.trendyol.com/nivoshe/75ml-dis-beyazlatici-jel-parlatici-jel-75-ml-teeth-whitening-gel-75ml-p-1165573238?boutiqueId=61&merchantId=1158462
kozmetik:kozmetik-vitrini,484,484,-287,126.9,32,1103229850,1055691,1103229850:1055691,LOVECRA Aloe Vera Yüz Temizleme Köpüğü Gözenek Arındırıcı Derinlemesine Temizlik Canlılık 150 ml,LOVECRA,LOVECRA,1,389.99,-99.7,InStock,Son 3 günde 500+ ürün satıldı!,3,500,166.7,4.3,227,0,110,"[""Kargo Bedava""]",11 saat 52 dakika içinde sipariş verirsen en geç yarın kargoda!,carried_forward,28,https://www.trendyol.com/lovecra/aloe-vera-yuz-temizleme-kopugu-gozenek-arindirici-derinlemesine-temizlik-canlilik-150-ml-p-1103229850?boutiqueId=61&merchantId=1055691
kozmetik:kozmetik-vitrini,557,557,-438,143.7,44.4,802277773,1158462,802277773:1158462,NIVOSHE Ağız Kokusu Giderici Sprey Ağız Kokusu Önleyici Sprey Ağız Kokusu Spreyi Propolis05,NIVOSHE,DEVACOS SAĞLIKLI YAŞAM ÜRÜNLERİ,1,442,-99.7,InStock,Son 3 günde 1B+ ürün satıldı!,3,1000,333.3,4.1,2522,0,1097,"[""Kargo Bedava""]",11 saat 55 dakika içinde sipariş verirsen en geç yarın kargoda!,carried_forward,2,https://www.trendyol.com/nivoshe/agiz-kokusu-giderici-sprey-agiz-kokusu-onleyici-sprey-agiz-kokusu-spreyi-propolis05-p-802277773?boutiqueId=61&merchantId=1158462
kozmetik:kozmetik-vitrini,523,523,-270,86.1,3.9,177348930,106684,177348930:106684,Skin Sensual Daily Hydrating Moisturizer Cream Jojoba Oil Shea Butter 24 Saat Etkili Nemlendirici,Skin Sensual,Kozmetix House,279.6,699,-60,InStock,,,,,4.4,1811,0,382,"[""Sepette %60 İndirim""]",11 saat 46 dakika içinde sipariş verirsen en geç yarın kargoda!,carried_forward,5,https://www.trendyol.com/skin-sensual/daily-hydrating-moisturizer-cream-jojoba-oil-shea-butter-24-saat-etkili-nemlendirici-p-177348930?boutiqueId=61&merchantId=106684
kozmetik:kozmetik-vitrini,545,545,-320,70.9,19.1,1190343251,856334,1190343251:856334,ÖZDEN ÖZDOĞAN Kadın Beyazlatıcı Etkili Ter Önleyici Roll-On Antiperspirant 50ml,ÖZDEN ÖZDOĞAN,ÖZDEN ÖZDOĞAN,240,599.99,-60,InStock,,,,,4.5,22,0,13,"[""Sepette %60 İndirim""]",11 saat 47 dakika içinde sipariş verirsen en geç yarın kargoda!,carried_forward,5,https://www.trendyol.com/ozden-ozdogan/kadin-beyazlatici-etkili-ter-onleyici-roll-on-antiperspirant-50ml-p-1190343251?boutiqueId=61&merchantId=856334
kozmetik:kozmetik-vitrini,579,579,-292,82.9,21.7,1101010349,856334,1101010349:856334,"ÖZDEN ÖZDOĞAN Yüz Temizleme Jeli- Hassas Temizleme, Aydınlatıcı, Canlandırıcı - 340 ml",ÖZDEN ÖZDOĞAN,ÖZDEN ÖZDOĞAN,240,599.99,-60,InStock,Son 3 günde 250+ ürün satıldı!,3,250,83.3,4.5,220,0,50,"[""Sepette %60 İndirim""]",Tahmini Teslim:,carried_forward,4,https://www.trendyol.com/ozden-ozdogan/yuz-temizleme-jeli-hassas-temizleme-aydinlatici-canlandirici-340-ml-p-1101010349?boutiqueId=61&merchantId=856334
kozmetik:makyaj,13,734,,156.5,39.3,805657975,106684,805657975:106684,"Skin Sensual SPF50+ PA++++ Kapatıcı BB Krem Light 50 ml | Leke Karşıtı, Aydınlık Cilt Görünümü | UVA+UVB Koruma",Skin Sensual,Kozmetix House,331.6,829,-58.5,InStock,Son 3 günde 500+ ürün satıldı!,3,500,166.7,4.4,18809,0,,"[""Sepette %60 İndirim""]",Tahmini Teslim:,carried_forward,9,https://www.trendyol.com/skin-sensual/spf50-pa-kapatici-bb-krem-light-50-ml-leke-karsiti-aydinlik-cilt-gorunumu-uva-uvb-koruma-p-805657975?boutiqueId=61&merchantId=106684
kozmetik:makyaj,75,796,,22.2,8.8,1136086325,830154,1136086325:830154,"CALLİEL SPF 50 Tüm Ciltler, Yüksek Koruma ve Nemlendirici Etkili Leke Karşıtı Güneş Kremi 80 ML",CALLİEL,Calliel,197.9,199.9,-52.8,InStock,,,,,4.2,441,0,173,"[""Son 10 Günün En Düşük Fiyatı""]",4 saat 54 dakika içinde sipariş verirsen en geç bugün kargoda!,carried_forward,1,https://www.trendyol.com/calliel/spf-50-tum-ciltler-yuksek-koruma-ve-nemlendirici-etkili-leke-karsiti-gunes-kremi-80-ml-p-1136086325?boutiqueId=61&merchantId=830154
kozmetik:kozmetik-vitrini,448,448,-184,77,42.2,1142239907,205639,1142239907:205639,Note Cosmetics Aura Silk Lipstick 07 Classy Nude Kremsi Yarı Parlak Ruj - Nude,Note Cosmetics,Note Cosmetics,359.9,899.75,-50,InStock,Son 3 günde 500+ ürün satıldı!,3,500,166.7,4.4,11,0,3,"[""Sepette %60 İndirim"",""Kargo Bedava"",""Süper Fırsat Ürünü""]",Tahmini Teslim:,carried_forward,1,https://www.trendyol.com/note-cosmetics/aura-silk-lipstick-07-classy-nude-kremsi-yari-parlak-ruj-nude-p-1142239907?boutiqueId=61&merchantId=205639
kozmetik:kozmetik-vitrini,549,549,-258,70.3,9.7,238937,155235,238937:155235,Otacı Bitkisel Saç Şekillendirici Orta & Sert Tutuş 150ML,Otacı,Otacı Bitkisel,269.5,539,-50,InStock,,,,,4.5,346,0,192,"[""Sepette %50 İndirim""]",Tahmini Teslim:,carried_forward,8,https://www.trendyol.com/otaci/bitkisel-sac-sekillendirici-orta-sert-tutus-150ml-p-238937?boutiqueId=61&merchantId=155235
kozmetik:makyaj,175,896,,76,4,900760236,107819,900760236:107819,NYX Professional Makeup Buttermelt Blush Kremsi Pudra Allık - 02 Butta Together,NYX Professional Makeup,L'Oreal,574.99,1149.99,-50,InStock,,,,,4.7,1787,0,108,"[""Sepette %50 İndirim""]",Tahmini Teslim:,carried_forward,10,https://www.trendyol.com/nyx-professional-makeup/buttermelt-blush-kremsi-pudra-allik-02-butta-together-p-900760236?boutiqueId=61&merchantId=107819
kozmetik:kozmetik-vitrini,6,6,8,148.6,72,1016742922,1279865,1016742922:1279865,Embeauty Ultra Siyah Dolgunlaştırıcı Maskara – Hacim ve Uzunluk Etkili,Embeauty,Viel Kozmetik,229,275.72,-49,InStock,Son 3 günde 10B+ ürün satıldı!,3,10000,3333.3,4.236600676001931,16296,29,1468,"[""Son 10 Günün En Düşük Fiyatı"",""Süper Fırsat Ürünü"",""Kargo Bedava"",""Son 10 günün en düşük fiyatı"",""Trendyol Plus'a Özel""]",Tahmini Teslim:,refreshed,0,https://www.trendyol.com/embeauty/ultra-siyah-dolgunlastirici-maskara-hacim-ve-uzunluk-etkili-p-1016742922?boutiqueId=61&merchantId=1279865
kozmetik:kozmetik-vitrini,46,46,32,59.1,53.9,900146299,830154,900146299:830154,"CALLİEL Siyah Nokta Karşıtı, Onarıcı Blackhead Bubble 120 Ml",CALLİEL,Calliel,197.9,199.9,-41.6,InStock,Son 3 günde 2B+ ürün satıldı!,3,2000,666.7,4.198965665852607,3297,32,1549,"[""Son 10 Günün En Düşük Fiyatı"",""Kargo Bedava"",""Son 10 günün en düşük fiyatı""]",14 saat 53 dakika içinde sipariş verirsen en geç bugün kargoda!,refreshed,0,https://www.trendyol.com/calliel/siyah-nokta-karsiti-onarici-blackhead-bubble-120-ml-p-900146299?boutiqueId=61&merchantId=830154
kozmetik:kozmetik-vitrini,56,56,5,34.2,26,971350517,830154,971350517:830154,CALLİEL Aydınlatıcı ve Canlandırıcı Leke Karşıtı Bakım Seti,CALLİEL,Calliel,376.89,380.7,-40.2,InStock,Son 3 günde 500+ ürün satıldı!,3,500,166.7,4.2625678119349,1284,15,898,"[""Kargo Bedava"",""Son 10 Günün En Düşük Fiyatı"",""Son 10 günün en düşük fiyatı""]",14 saat 53 dakika içinde sipariş verirsen en geç bugün kargoda!,refreshed,0,https://www.trendyol.com/calliel/aydinlatici-ve-canlandirici-leke-karsiti-bakim-seti-p-971350517?boutiqueId=61&merchantId=830154
kozmetik:kozmetik-vitrini,417,417,-144,71.4,8.6,194182279,932912,194182279:932912,Wella Marka: Koleston Peroksit %6 Kategori: Saç Boyası,Wella,Wella,89.9,179.8,-40,InStock,,,,,4.6,471,0,18,"[""Sepette %50 İndirim"",""Süper Fırsat Ürünü""]",Tahmini Teslim:,carried_forward,1,https://www.trendyol.com/wella/marka-koleston-peroksit-6-kategori-sac-boyasi-p-194182279?boutiqueId=61&merchantId=932912
kozmetik:kozmetik-vitrini,18,18,-11,66.4,24.6,951818668,349368,951818668:349368,"Armasari Rose Passion Uzun Süre Kalıcı Kadın Parfüm 100ml | Çiçeksi ve Odunsu | İris, Misk, Vanilya, Sedir, Orange Blossom",Armasari,Smella Kozmetik,311.85,315,-37.6,InStock,,,,,3.668956043956044,469,2,179,"[""Son 10 Günün En Düşük Fiyatı"",""Kargo Bedava"",""Trendyol Plus'a Özel""]",21 saat 53 dakika içinde sipariş verirsen en geç yarın kargoda!,refreshed,0,https://www.trendyol.com/armasari/rose-passion-uzun-sure-kalici-kadin-parfum-100ml-ciceksi-ve-odunsu-iris-misk-vanilya-sedir-orange-blossom-p-951818668?boutiqueId=61&merchantId=349368
kozmetik:kozmetik-vitrini,441,441,-171,59.2,8.2,1178140199,1279865,1178140199:1279865,Embeauty Cherki Glow Argan Yağı İçerikli Besleyici Saç Parfümü 100 ml,Embeauty,CosmeticBox,229,365.65,-37.4,InStock,,,,,3.9,535,0,48,"[""Son 10 Günün En Düşük Fiyatı"",""Süper Fırsat Ürünü""]",Tahmini Teslim:,carried_forward,4,https://www.trendyol.com/embeauty/cherki-glow-argan-yagi-icerikli-besleyici-sac-parfumu-100-ml-p-1178140199?boutiqueId=61&merchantId=1279865
kozmetik:kozmetik-vitrini,129,129,50,28,17.5,971697551,830154,971697551:830154,CALLİEL Leke Karşıtı Ton Eşitleyici ve Gözenek Sıkılaştırıcı Bakım Seti,CALLİEL,Calliel,402.17,406.23,-36.2,InStock,Son 3 günde 250+ ürün satıldı!,3,250,83.3,4.263392857142857,720,5,489,"[""Kargo Bedava"",""Son 10 Günün En Düşük Fiyatı"",""Son 10 günün en düşük fiyatı""]",14 saat 52 dakika içinde sipariş verirsen en geç bugün kargoda!,refreshed,0,https://www.trendyol.com/calliel/leke-karsiti-ton-esitleyici-ve-gozenek-sikilastirici-bakim-seti-p-971697551?boutiqueId=61&merchantId=830154
kozmetik:kozmetik-vitrini,16,16,23,103.5,71.5,900381109,1224693,900381109:1224693,"icollagen Kolajen, Isırgan Otu, Prebiyotik Şampuan - Dökülen Ve Geç Uzayan Yağlanma Karşıtı",icollagen,Doctamin iCollagen,290,,-35.6,InStock,Son 3 günde 2B+ ürün satıldı!,3,2000,666.7,4.365777777777779,1556,7,495,"[""Sepette %25 İndirim"",""Kargo Bedava"",""Son 10 Günün En Düşük Fiyatı"",""Trendyol Plus'a Özel""]",Tahmini Teslim:,refreshed,0,https://www.trendyol.com/icollagen/kolajen-isirgan-otu-prebiyotik-sampuan-dokulen-ve-gec-uzayan-yaglanma-karsiti-p-900381109?boutiqueId=61&merchantId=1224693
kozmetik:kozmetik-vitrini,137,137,76,45.6,5.7,1044043582,1279865,1044043582:1279865,Embeauty Ultra Siyah Dolgunlaştırıcı Maskara – Hacim ve Uzunluk Etkili 2 Adet,Embeauty,Viel Kozmetik,499,633.79,-33.4,InStock,,,,,4.199498117942285,1091,2,148,"[""Kargo Bedava"",""Son 10 Günün En Düşük Fiyatı"",""Süper Fırsat Ürünü"",""Son 10 günün en düşük fiyatı"",""Trendyol Plus'a Özel""]",Tahmini Teslim:,refreshed,0,https://www.trendyol.com/embeauty/ultra-siyah-dolgunlastirici-maskara-hacim-ve-uzunluk-etkili-2-adet-p-1044043582?boutiqueId=61&merchantId=1279865
kozmetik:kozmetik-vitrini,167,167,120,23.6,6.4,339594943,1028724,339594943:1028724,"Nail Master M550 Kalıcı Oje 7,3ml Koyu Bordo",Nail Master,Doğanlı Kozmetik,91.43,,-32.3,InStock,,,,,4.201384518565136,884,-1,113,"[""Kargo Bedava""]",11 saat 51 dakika içinde sipariş verirsen en geç bugün kargoda!,refreshed,0,https://www.trendyol.com/nail-master/m550-kalici-oje-7-3ml-koyu-bordo-p-339594943?boutiqueId=61&merchantId=1028724
kozmetik:kozmetik-vitrini,133,133,38,48.4,11.7,1142640854,1031124,1142640854:1031124,THE BATH FACTORY Liberty Eau De Parfüm 50 Ml,THE BATH FACTORY,The Bath Factory,978.12,1399,-30.1,InStock,,,,,4.226586102719033,191,20,42,"[""Kargo Bedava"",""Son 10 Günün En Düşük Fiyatı"",""Süper Fırsat Ürünü"",""Son 10 günün en düşük fiyatı""]",8 saat 52 dakika içinde sipariş verirsen en geç bugün kargoda!,refreshed,0,https://www.trendyol.com/the-bath-factory/liberty-eau-de-parfum-50-ml-p-1142640854?boutiqueId=61&merchantId=1031124
kozmetik:kozmetik-vitrini,438,438,-430,45,15,924134913,1168206,924134913:1168206,Pantene Onarıcı And Koruyucu Şampuan 800ml + Saç Kremi 500ml MEGA BOY,Pantene,P&G Türkiye,399,570,-30,InStock,,,,,4.7,75,0,,"[""Sepette %30 İndirim"",""Kargo Bedava""]",,carried_forward,5,https://www.trendyol.com/pantene/onarici-and-koruyucu-sampuan-800ml-sac-kremi-500ml-mega-boy-p-924134913?boutiqueId=61&merchantId=1168206
kozmetik:kozmetik-vitrini,498,498,-205,58,2,809735594,107109,809735594:107109,Yves Rocher Arındırıcı Gözenek sıkılaştırıcı Tonik-Süksinik Asit&Çinko-Sebo Active Clear Botanik Kompleks-150ml,Yves Rocher,Yves Rocher,419.9,599.9,-30,InStock,,,,,4.5,3206,0,549,"[""Kargo Bedava""]",11 saat 50 dakika içinde sipariş verirsen en geç yarın kargoda!,carried_forward,1,https://www.trendyol.com/yves-rocher/arindirici-gozenek-sikilastirici-tonik-suksinik-asit-cinko-sebo-active-clear-botanik-kompleks-150ml-p-809735594?boutiqueId=61&merchantId=107109
kozmetik:kozmetik-vitrini,591,591,-314,49.4,10.6,991253088,1168206,991253088:1168206,Pantene Nem Yüklemesi Heat & Glow Durulanmayan Krem 135ml,Pantene,P&G Türkiye,229,327.14,-30,InStock,,,,,4.6,266,0,84,"[""Sepette %30 İndirim""]",Tahmini Teslim:,carried_forward,8,https://www.trendyol.com/pantene/nem-yuklemesi-heat-glow-durulanmayan-krem-135ml-p-991253088?boutiqueId=61&merchantId=1168206
kozmetik:kozmetik-vitrini,270,270,-87,63.6,10.4,190898590,194370,190898590:194370,Licape Çay Ağacı Özlü Yüz Temizleme Jeli 400ml,Licape,Licape,435,598,-27.3,InStock,Son 3 günde 250+ ürün satıldı!,3,250,83.3,4.471249773263196,10334,-18,1955,"[""Kargo Bedava"",""Son 10 Günün En Düşük Fiyatı"",""Süper Fırsat Ürünü"",""Son 10 günün en düşük fiyatı""]",11 saat 49 dakika içinde sipariş verirsen en geç bugün kargoda!,refreshed,0,https://www.trendyol.com/licape/cay-agaci-ozlu-yuz-temizleme-jeli-400ml-p-190898590?boutiqueId=61&merchantId=194370
kozmetik:kozmetik-vitrini,319,319,-85,46.4,21.7,40970378,222445,40970378:222445,"Madetoll Cica Krem Su Bazlı, Nemlendirici, Yenileyici, Yatıştırıcı Etkili Cilt Bakım Kremi 37 gr",Madetoll,BuyByGo,199.9,219.38,-27.3,InStock,Son 3 günde 500+ ürün satıldı!,3,500,166.7,4.5,4420,0,2373,"[""Son 10 Günün En Düşük Fiyatı""]",2 saat 52 dakika içinde sipariş verirsen en geç bugün kargoda!,carried_forward,6,https://www.trendyol.com/madetoll/cica-krem-su-bazli-nemlendirici-yenileyici-yatistirici-etkili-cilt-bakim-kremi-37-gr-p-40970378?boutiqueId=61&merchantId=222445
kozmetik:kozmetik-vitrini,103,103,-16,33.2,28.9,1073360532,1168206,1073360532:1168206,Pantene Molecular Bond Repair Yıpranmış Saçlar İçin Bağ Onarıcı Durulanmayan Saç Bakım Kremi 90 ml,Pantene,P&G Türkiye,259,266.78,-27.2,InStock,Son 3 günde 500+ ürün satıldı!,3,500,166.7,4.590425531914893,553,0,148,"[""Son 10 Günün En Düşük Fiyatı"",""Kargo Bedava"",""Son 10 günün en düşük fiyatı""]",Tahmini Teslim:,refreshed,0,https://www.trendyol.com/pantene/molecular-bond-repair-yipranmis-saclar-icin-bag-onarici-durulanmayan-sac-bakim-kremi-90-ml-p-1073360532?boutiqueId=61&merchantId=1168206
kozmetik:kozmetik-vitrini,106,106,-41,48.7,20.8,1069292,105053,1069292:105053,Avon Wish Of Love Kadın Parfüm Edt 50 Ml.,Avon,AvonShop,225.76,243.49,-27.2,InStock,Son 3 günde 500+ ürün satıldı!,3,500,166.7,4.540292417545054,13767,0,1020,"[""Son 10 Günün En Düşük Fiyatı"",""Kargo Bedava"",""Son 10 günün en düşük fiyatı""]",11 saat 52 dakika içinde sipariş verirsen en geç bugün kargoda!,refreshed,0,https://www.trendyol.com/avon/wish-of-love-kadin-parfum-edt-50-ml-p-1069292?boutiqueId=61&merchantId=105053
kozmetik:kozmetik-vitrini,14,14,9,72.9,27.1,1083435975,791156,1083435975:791156,The Ceel Sigara İçenler İçin Beyazlatmaya Yardımcı ve Ferahlatıcı Diş Macunu Bromelain İçerikli 75 gr,The Ceel,The Ceel,281.89,,-25.8,InStock,,,,,4.201963534361852,413,1,59,"[""Kargo Bedava"",""Trendyol Plus'a Özel""]",8 saat 54 dakika içinde sipariş verirsen en geç bugün kargoda!,refreshed,0,https://www.trendyol.com/the-ceel/sigara-icenler-icin-beyazlatmaya-yardimci-ve-ferahlatici-dis-macunu-bromelain-icerikli-75-gr-p-1083435975?boutiqueId=61&merchantId=791156
kozmetik:kozmetik-vitrini,429,429,-231,73,41.7,358492333,674296,358492333:674296,Mad Parfüm Mad Z101 Selective 50 ml Kadın Parfüm,Mad Parfüm,MAD PARFÜM,449.99,599.99,-25,InStock,Son 3 günde 1B+ ürün satıldı!,3,1000,333.3,4.2,8357,0,4124,"[""Kargo Bedava""]",Tahmini Teslim:,carried_forward,25,https://www.trendyol.com/mad-parfum/mad-z101-selective-50-ml-kadin-parfum-p-358492333?boutiqueId=61&merchantId=674296
kozmetik:kozmetik-vitrini,456,456,-175,71.1,42.2,354099434,674296,354099434:674296,Mad Parfüm Mad G103 Selective 50 ml Kadın Parfüm,Mad Parfüm,MAD PARFÜM,449.99,599.99,-25,InStock,Son 3 günde 1B+ ürün satıldı!,3,1000,333.3,4.5,4804,0,1845,"[""Kargo Bedava""]",Tahmini Teslim:,carried_forward,3,https://www.trendyol.com/mad-parfum/mad-g103-selective-50-ml-kadin-parfum-p-354099434?boutiqueId=61&merchantId=674296
kozmetik:kozmetik-vitrini,464,464,-223,57.8,11.8,355134927,674296,355134927:674296,Mad Parfüm Mad Y102 Selective 50 ml Kadın Parfüm,Mad Parfüm,MAD PARFÜM,449.99,599.99,-25,InStock,Son 3 günde 250+ ürün satıldı!,3,250,83.3,4.3,3751,0,1404,"[""Kargo Bedava""]",11 saat 48 dakika içinde sipariş verirsen en geç yarın kargoda!,carried_forward,7,https://www.trendyol.com/mad-parfum/mad-y102-selective-50-ml-kadin-parfum-p-355134927?boutiqueId=61&merchantId=674296
kozmetik:kozmetik-vitrini,489,489,-334,59.8,24.4,355117737,674296,355117737:674296,Mad Parfüm Mad V102 Selective 50 ml Kadın Parfüm,Mad Parfüm,,449.99,599.99,-25,InStock,Son 3 günde 500+ ürün satıldı!,3,500,166.7,4.4,2017,0,,"[""Kargo Bedava""]",,carried_forward,29,https://www.trendyol.com/mad-parfum/mad-v102-selective-50-ml-kadin-parfum-p-355117737?boutiqueId=61&merchantId=674296
kozmetik:kozmetik-vitrini,564,564,-269,71.4,41.9,358483483,674296,358483483:674296,Mad Parfüm Mad B103 Selective 50 ml Kadın Parfüm,Mad Parfüm,MAD PARFÜM,449.99,599.99,-25,InStock,Son 3 günde 1B+ ürün satıldı!,3,1000,333.3,4.4,5218,0,2234,"[""Kargo Bedava""]",11 saat 50 dakika içinde sipariş verirsen en geç yarın kargoda!,carried_forward,1,https://www.trendyol.com/mad-parfum/mad-b103-selective-50-ml-kadin-parfum-p-358483483?boutiqueId=61&merchantId=674296
kozmetik:kozmetik-vitrini,609,609,-350,60.7,23.5,683006884,674296,683006884:674296,Mad Parfüm Mad P107 Selective 50 ml Kadın Parfüm,Mad Parfüm,MAD PARFÜM,449.99,599.99,-25,InStock,Son 3 günde 500+ ürün satıldı!,3,500,166.7,4.3,2606,0,984,"[""Kargo Bedava""]",Tahmini Teslim:,carried_forward,3,https://www.trendyol.com/mad-parfum/mad-p107-selective-50-ml-kadin-parfum-p-683006884?boutiqueId=61&merchantId=674296
kozmetik:kozmetik-vitrini,633,633,-412,71.9,41.7,354098178,674296,354098178:674296,Mad Parfüm Mad W213 Selective 50 ml Kadın Parfüm,Mad Parfüm,MAD PARFÜM,449.99,599.99,-25,InStock,Son 3 günde 1B+ ürün satıldı!,3,1000,333.3,4.4,6053,0,2373,"[""Kargo Bedava""]",11 saat 49 dakika içinde sipariş verirsen en geç yarın kargoda!,carried_forward,7,https://www.trendyol.com/mad-parfum/mad-w213-selective-50-ml-kadin-parfum-p-354098178?boutiqueId=61&merchantId=674296
kozmetik:kozmetik-vitrini,661,661,-417,62.4,21.8,354100227,674296,354100227:674296,Mad Parfüm Mad C123 Selective 50 ml Kadın Parfüm,Mad Parfüm,MAD PARFÜM,449.99,599.99,-25,InStock,Son 3 günde 500+ ürün satıldı!,3,500,166.7,4.2,4284,0,,"[""Kargo Bedava""]",Tahmini Teslim:,carried_forward,10,https://www.trendyol.com/mad-parfum/mad-c123-selective-50-ml-kadin-parfum-p-354100227?boutiqueId=61&merchantId=674296
kozmetik:makyaj,96,817,,36.3,18.7,1167213922,107035,1167213922:107035,Bobbi Brown Vitamin Enriched Face Base+ Nemlendirici Makyaj Bazı​ 15 ML,Bobbi Brown,Bobbi Brown,1312.5,1750,-25,InStock,,,,,4.6,25,0,12,"[""Sepette %25 İndirim"",""100 TL Kupon"",""Kargo Bedava"",""Süper Fırsat Ürünü""]",Tahmini Teslim:,carried_forward,2,https://www.trendyol.com/bobbi-brown/vitamin-enriched-face-base-nemlendirici-makyaj-bazi-15-ml-p-1167213922?boutiqueId=61&merchantId=107035
kozmetik:kozmetik-vitrini,454,454,-260,21.7,8.3,845319090,378048,845319090:378048,Elidor 7/24 Şekillendirici Saç Bakım Kremi Belirgin Bukleler 240 ml,Elidor,Unilever,201.9,,-24.9,InStock,,,,,4.6,516,0,144,[],Tahmini Teslim:,carried_forward,24,https://www.trendyol.com/elidor/7-24-sekillendirici-sac-bakim-kremi-belirgin-bukleler-240-ml-p-845319090?boutiqueId=61&merchantId=378048
kozmetik:kozmetik-vitrini,196,196,-50,20.8,28.6,1181251468,107599,1181251468:107599,BOOM Ampoule Scalp Brush Dökülme Karşıtı ve Hızlı Uzama Ampul 150 ML,BOOM,N-Global,999,1049.28,-22.4,InStock,Son 3 günde 250+ ürün satıldı!,3,250,83.3,4.658536585365853,29,1,37,"[""Kargo Bedava"",""Son 10 Günün En Düşük Fiyatı"",""Son 10 günün en düşük fiyatı""]",8 saat 51 dakika içinde sipariş verirsen en geç bugün kargoda!,refreshed,0,https://www.trendyol.com/boom/ampoule-scalp-brush-dokulme-karsiti-ve-hizli-uzama-ampul-150-ml-p-1181251468?boutiqueId=61&merchantId=107599
kozmetik:kozmetik-vitrini,219,219,-9,21.4,9.6,1120926033,443728,1120926033:443728,Qremfi Gül Maya Pembe Kil Maskesi 100 ml | Arındırıcı ve Dengeli Görünüm Bakımı,Qremfi,FREEWALK,261.39,264.03,-20.8,InStock,,,,,4.40406976744186,352,2,318,"[""Son 10 Günün En Düşük Fiyatı"",""Kargo Bedava"",""Son 10 günün en düşük fiyatı"",""Trendyol Plus'a Özel""]",9 saat 50 dakika içinde sipariş verirsen en geç bugün kargoda!,refreshed,0,https://www.trendyol.com/qremfi/gul-maya-pembe-kil-maskesi-100-ml-arindirici-ve-dengeli-gorunum-bakimi-p-1120926033?boutiqueId=61&merchantId=443728
kozmetik:kozmetik-vitrini,502,502,-260,23.6,6.4,865200580,1031124,865200580:1031124,THE BATH FACTORY Sweet Vanilla Vücut Spreyi 200 ml,THE BATH FACTORY,The Bath Factory,395,,-20.8,InStock,,,,,4.2,885,0,133,"[""Kargo Bedava""]",11 saat 52 dakika içinde sipariş verirsen en geç yarın kargoda!,carried_forward,8,https://www.trendyol.com/the-bath-factory/sweet-vanilla-vucut-spreyi-200-ml-p-865200580?boutiqueId=61&merchantId=1031124
kozmetik:kozmetik-vitrini,308,308,-35,49.1,0.9,784465302,107109,784465302:107109,Yves Rocher Vücut Losyonu - Nemlendirici Besleyici Egzotik Vanilya-390ml,Yves Rocher,Yves Rocher,543.92,679.9,-20,InStock,,,,,4.5,4398,0,189,"[""Sepette %20 İndirim"",""Kargo Bedava""]",11 saat 51 dakika içinde sipariş verirsen en geç yarın kargoda!,carried_forward,6,https://www.trendyol.com/yves-rocher/vucut-losyonu-nemlendirici-besleyici-egzotik-vanilya-390ml-p-784465302?boutiqueId=61&merchantId=107109
kozmetik:kozmetik-vitrini,362,362,-77,29.7,0.3,104587791,333578,104587791:333578,Muson Natural Illumination Foundation - Light.30 ml,Muson,MUSON,819,,-19.6,InStock,,,,,4.4,5222,0,1810,"[""100 TL Kupon"",""Kargo Bedava""]",Tahmini Teslim:,carried_forward,3,https://www.trendyol.com/muson/natural-illumination-foundation-light-30-ml-p-104587791?boutiqueId=61&merchantId=333578
kozmetik:kozmetik-vitrini,50,50,206,41,7.5,1044487898,1031124,1044487898:1031124,THE BATH FACTORY Liberty Duş Jeli + Vücut Spreyi + Vücut Losyonu + Vücut Peelingi,THE BATH FACTORY,The Bath Factory,1059,1299,-18.5,InStock,,,,,4.370614035087719,654,13,126,"[""Kargo Bedava"",""Son 10 Günün En Düşük Fiyatı"",""Süper Fırsat Ürünü"",""Son 10 günün en düşük fiyatı""]",8 saat 53 dakika içinde sipariş verirsen en geç bugün kargoda!,refreshed,0,https://www.trendyol.com/the-bath-factory/liberty-dus-jeli-vucut-spreyi-vucut-losyonu-vucut-peelingi-p-1044487898?boutiqueId=61&merchantId=1031124
kozmetik:makyaj,251,972,,36.2,8.9,947383025,468928,947383025:468928,Revolution Forever Flawless Far Paleti Nova Green,Revolution,Watsons,449.9,529.9,-18.2,InStock,,,,,4.36130867709815,428,5,34,"[""Son 10 Günün En Düşük Fiyatı"",""Süper Fırsat Ürünü"",""Kargo Bedava"",""Son 10 günün en düşük fiyatı""]",21 saat 49 dakika içinde sipariş verirsen en geç yarın kargoda!,refreshed,0,https://www.trendyol.com/revolution/forever-flawless-far-paleti-nova-green-p-947383025?boutiqueId=61&merchantId=468928
kozmetik:kozmetik-vitrini,471,471,-220,17.1,28.5,1192660886,1276730,1192660886:1276730,"The Ceel Yoğun Nemlendirici & Cilt Bariyeri Destekleyici Jel Krem Hyaluronik Asit, Panthenol 50 ML",The Ceel,BS GİYİM KOZMETİK,482.13,487,-18,InStock,Son 3 günde 250+ ürün satıldı!,3,250,83.3,4.5,30,0,23,"[""Sepette %1 İndirim"",""50 TL Kupon"",""Kargo Bedava""]",2 saat 46 dakika içinde sipariş verirsen en geç bugün kargoda!,carried_forward,5,https://www.trendyol.com/the-ceel/yogun-nemlendirici-cilt-bariyeri-destekleyici-jel-krem-hyaluronik-asit-panthenol-50-ml-p-1192660886?boutiqueId=61&merchantId=1276730
kozmetik:kozmetik-vitrini,239,239,46,59.6,50.4,277595826,120843,277595826:120843,MAMAAURA Hamileler Için Çatlak Önleyici - Maximum Elasticity Cream 150 ml,MAMAAURA,ONUR MARKET,338.14,,-17,InStock,Son 3 günde 2B+ ürün satıldı!,3,2000,666.7,4.421707988980716,5016,28,1290,"[""50 TL Kupon"",""Kargo Bedava""]",9 saat 50 dakika içinde sipariş verirsen en geç bugün kargoda!,refreshed,0,https://www.trendyol.com/mamaaura/hamileler-icin-catlak-onleyici-maximum-elasticity-cream-150-ml-p-277595826?boutiqueId=61&merchantId=120843
kozmetik:kozmetik-vitrini,33,33,-15,87.5,58.5,841178228,650812,841178228:650812,Jeven Brus Kiss Me Erkek Parfüm - Edp 50 ml,Jeven Brus,Jeven Brus Parfüm,1570,1890,-16.9,InStock,"Son 3 günde 1,5B+ ürün satıldı!",3,1500,500,4.2248590053468105,8850,22,1448,"[""Kargo Bedava"",""Son 10 Günün En Düşük Fiyatı"",""Süper Fırsat Ürünü"",""Son 10 günün en düşük fiyatı""]",12 saat 53 dakika içinde sipariş verirsen en geç bugün kargoda!,refreshed,0,https://www.trendyol.com/jeven-brus/kiss-me-erkek-parfum-edp-50-ml-p-841178228?boutiqueId=61&merchantId=650812
kozmetik:kozmetik-vitrini,254,254,9,45.5,0.3,639368080,638780,639368080:638780,BEYZANA Yeşim %100 Doğal Taş Masaj Aleti Ve Kalp Gua Sha Yüz Bakım Taşı,BEYZANA,BEYZANA,112.7,133.91,-15.8,InStock,,,,,4.118708053691275,5124,-4,814,"[""Son 10 Günün En Düşük Fiyatı"",""Süper Fırsat Ürünü"",""Kargo Bedava"",""Son 10 günün en düşük fiyatı"",""Trendyol Plus'a Özel""]",21 saat 50 dakika içinde sipariş verirsen en geç yarın kargoda!,refreshed,0,https://www.trendyol.com/beyzana/yesim-100-dogal-tas-masaj-aleti-ve-kalp-gua-sha-yuz-bakim-tasi-p-639368080?boutiqueId=61&merchantId=638780
kozmetik:kozmetik-vitrini,574,574,-285,42.3,17.7,1040945321,107302,1040945321:107302,Sinoz Avokado Bomb Yüz Bakım Kremi - Kuru Ciltler İçin Nemlendirici ve Canlandırıcı 50 ml,Sinoz,Sinoz Kozmetik,456.54,539.4,-15.4,InStock,Son 3 günde 250+ ürün satıldı!,3,250,83.3,4.5,687,0,281,"[""Kargo Bedava"",""Son 10 Günün En Düşük Fiyatı"",""Süper Fırsat Ürünü""]",11 saat 47 dakika içinde sipariş verirsen en geç yarın kargoda!,carried_forward,9,https://www.trendyol.com/sinoz/avokado-bomb-yuz-bakim-kremi-kuru-ciltler-icin-nemlendirici-ve-canlandirici-50-ml-p-1040945321?boutiqueId=61&merchantId=107302
kozmetik:kozmetik-vitrini,91,91,-39,53.5,20.8,35563984,113082,35563984:113082,Tala Ruşur Taşı Beyazlatıcı Ölü Derilerden Arındırıcı Yüz Ve Vücut Peelingi 6 Adet (İRAN HAMAM TAŞI),Tala,Tala,223.44,262.95,-15,InStock,Son 3 günde 500+ ürün satıldı!,3,500,166.7,4.142514749262538,5839,-4,1279,"[""Son 10 Günün En Düşük Fiyatı"",""Süper Fırsat Ürünü"",""Kargo Bedava"",""Trendyol Plus'a Özel""]",10 saat 52 dakika içinde sipariş verirsen en geç bugün kargoda!,refreshed,0,https://www.trendyol.com/tala/rusur-tasi-beyazlatici-olu-derilerden-arindirici-yuz-ve-vucut-peelingi-6-adet-iran-hamam-tasi-p-35563984?boutiqueId=61&merchantId=113082
kozmetik:kozmetik-vitrini,461,461,-308,26.5,8.2,929624244,145234,929624244:145234,S'GLAM WHITE SWAN TRANSPARAN PUDRA,S'GLAM WHITE,SGLAM,409,429,-14.6,InStock,,,,,4.4,529,0,212,"[""Kargo Bedava"",""Son 10 Günün En Düşük Fiyatı""]",Tahmini Teslim:,carried_forward,3,https://www.trendyol.com/s-glam/white-swan-transparan-pudra-p-929624244?boutiqueId=61&merchantId=145234
kozmetik:kozmetik-vitrini,339,339,-91,40.3,28.7,1052976682,1096785,1052976682:1096785,New Well Glow Creamy Highlighter Doğal Işıltılı Krem Aydınlatıcı 30 ML Pearl 01,New Well,TWİN BEAUTY,459,509,-14.4,InStock,Son 3 günde 500+ ürün satıldı!,3,500,166.7,4.1,583,0,313,"[""Kargo Bedava""]",2 saat 51 dakika içinde sipariş verirsen en geç bugün kargoda!,carried_forward,1,https://www.trendyol.com/new-well/glow-creamy-highlighter-dogal-isiltili-krem-aydinlatici-30-ml-pearl-01-p-1052976682?boutiqueId=61&merchantId=1096785
kozmetik:kozmetik-vitrini,98,98,-24,40.4,20.8,354236050,145234,354236050:145234,S'GLAM Transparan Pudra (Baking Powder),S'GLAM Transparan,SGLAM,429,,-14,InStock,Son 3 günde 500+ ürün satıldı!,3,500,166.7,4.546749611197511,10222,-2,2676,"[""Kargo Bedava""]",8 saat 52 dakika içinde sipariş verirsen en geç bugün kargoda!,refreshed,0,https://www.trendyol.com/s-glam/transparan-pudra-baking-powder-p-354236050?boutiqueId=61&merchantId=145234
kozmetik:makyaj,195,916,,22.6,10.5,141321976,468928,141321976:468928,Revolution Reloaded Iconic 3.0 15'Li Mat Ve Işıltılı Far Paleti,Revolution,Watsons,292.76,302.07,-13.9,InStock,,,,,4.3,275,0,30,"[""Son 10 Günün En Düşük Fiyatı""]",1 saat 54 dakika içinde sipariş verirsen en geç bugün kargoda!,carried_forward,4,https://www.trendyol.com/revolution/reloaded-iconic-3-0-15-li-mat-ve-isiltili-far-paleti-p-141321976?boutiqueId=61&merchantId=468928
kozmetik:makyaj,190,911,,29.7,22.4,1126981233,571412,1126981233:571412,"NIVEA Yatıştırıcı Micellar Makyaj Temizleme Suyu 200ml ve Nemlendirici Tonik, Pamuk Hediyeli Bakım Rutini",NIVEA,,186.81,239.9,-13.7,InStock,,,,,4.4,8,0,,"[""Son 10 Günün En Düşük Fiyatı"",""Süper Fırsat Ürünü""]",Tahmini Teslim:,carried_forward,21,https://www.trendyol.com/nivea/yatistirici-micellar-makyaj-temizleme-suyu-200ml-ve-nemlendirici-tonik-pamuk-hediyeli-bakim-rutini-p-1126981233?boutiqueId=61&merchantId=571412
kozmetik:kozmetik-vitrini,306,306,-74,25.6,4.4,37826836,104937,37826836:104937,Kerastase Genesis Bain Nutri-Fortifiant Dökülme Karşıtı Güçlendirici Şampuan 250 ml,Kerastase,Sachane,1958,,-13.3,InStock,,,,,4.3,1585,0,1074,"[""Kargo Bedava""]",11 saat 51 dakika içinde sipariş verirsen en geç yarın kargoda!,carried_forward,1,https://www.trendyol.com/kerastase/genesis-bain-nutri-fortifiant-dokulme-karsiti-guclendirici-sampuan-250-ml-p-37826836?boutiqueId=61&merchantId=104937
kozmetik:kozmetik-vitrini,350,350,-97,32.2,12.4,840702945,143746,840702945:143746,ORNATE Karınca Yumurtası Bakım Yağı 20 ml Vegan Formic Asit Aloe Vera Kuru Ve Hassas Ciltler,ORNATE,Ornate,130,,-12.3,InStock,Son 3 günde 250+ ürün satıldı!,3,250,83.3,4.3,3187,0,1018,[],11 saat 48 dakika içinde sipariş verirsen en geç yarın kargoda!,carried_forward,7,https://www.trendyol.com/ornate/karinca-yumurtasi-bakim-yagi-20-ml-vegan-formic-asit-aloe-vera-kuru-ve-hassas-ciltler-p-840702945?boutiqueId=61&merchantId=143746
kozmetik:makyaj,192,913,,26.6,15.4,1053785415,468928,1053785415:468928,"PURE BEAUTY BB Krem, SPF50, PA++++, Natural - 30 ml",PURE BEAUTY,Watsons,328.17,373.13,-12,InStock,,,,,4.3,65,0,68,"[""Son 10 Günün En Düşük Fiyatı""]",Tahmini Teslim:,carried_forward,3,https://www.trendyol.com/pure-beauty/bb-krem-spf50-pa-natural-30-ml-p-1053785415?boutiqueId=61&merchantId=468928
kozmetik:kozmetik-vitrini,198,198,-48,65.4,12.5,88898765,107374,88898765:107374,"Swissoderm Dökülme Karşıtı Doğal Şampuan 300ml | Biotinli, Bitkisel Özlü, Normal-Kuru Saçlar, Uzamayı Destekler",Swissoderm,Ekokimya,439,659,-11.3,InStock,Son 3 günde 250+ ürün satıldı!,3,250,83.3,4.3767068273092375,3055,-3,885,"[""Kargo Bedava"",""Son 10 Günün En Düşük Fiyatı"",""Son 10 günün en düşük fiyatı""]",21 saat 51 dakika içinde sipariş verirsen en geç yarın kargoda!,refreshed,0,https://www.trendyol.com/swissoderm/dokulme-karsiti-dogal-sampuan-300ml-biotinli-bitkisel-ozlu-normal-kuru-saclar-uzamayi-destekler-p-88898765?boutiqueId=61&merchantId=107374
kozmetik:kozmetik-vitrini,140,140,39,39.9,20.8,37119219,105053,37119219:105053,Avon Wish Of Love Kadın Parfüm Edt 50 Ml. Üçlü Set,Avon,AvonShop,667.7,,-11,InStock,Son 3 günde 500+ ürün satıldı!,3,500,166.7,4.650395033860045,8707,35,575,"[""Kargo Bedava""]",11 saat 52 dakika içinde sipariş verirsen en geç bugün kargoda!,refreshed,0,https://www.trendyol.com/avon/wish-of-love-kadin-parfum-edt-50-ml-uclu-set-p-37119219?boutiqueId=61&merchantId=105053
kozmetik:kozmetik-vitrini,551,551,-288,36.7,18.9,859638397,591337,859638397:591337,LET'SCRUB Premium Ekru Turuncu Zebra Banyo Duş Kesesi Peeling Eldiveni %100 Floş Ipek Normal Ciltler Için,LET'SCRUB Premium,LET'SCRUB,319.51,359,-11,InStock,Son 3 günde 250+ ürün satıldı!,3,250,83.3,4.7,493,0,46,"[""Sepette %11 İndirim""]",1 saat 47 dakika içinde sipariş verirsen en geç bugün kargoda!,carried_forward,7,https://www.trendyol.com/let-scrub/premium-ekru-turuncu-zebra-banyo-dus-kesesi-peeling-eldiveni-100-flos-ipek-normal-ciltler-icin-p-859638397?boutiqueId=61&merchantId=591337
kozmetik:kozmetik-vitrini,97,97,12,50.9,41.7,782969121,213917,782969121:213917,"Clasy Care Face Up Skin Kremi, Izi Ve 40ml",Clasy Care,Negoria,381,,-10.9,InStock,Son 3 günde 1B+ ürün satıldı!,3,1000,333.3,3.998889806878034,18910,9,10000,"[""30 TL Kupon"",""Kargo Bedava"",""Son 10 Günün En Düşük Fiyatı""]",10 saat 52 dakika içinde sipariş verirsen en geç bugün kargoda!,refreshed,0,https://www.trendyol.com/clasy-care/face-up-skin-kremi-izi-ve-40ml-p-782969121?boutiqueId=61&merchantId=213917
kozmetik:kozmetik-vitrini,181,181,11,26.1,3.9,905023641,1060158,905023641:1060158,PHELSİUM Dökülme Karşıtı Kemik İlikli Bakım Şampuanı 500 ml,PHELSİUM,Online Sipariş,319.99,,-10.9,InStock,,,,,4.193220338983051,1827,2,820,"[""Sepette %18 İndirim"",""Kargo Bedava""]",Tahmini Teslim:,refreshed,0,https://www.trendyol.com/phelsium/dokulme-karsiti-kemik-ilikli-bakim-sampuani-500-ml-p-905023641?boutiqueId=61&merchantId=1060158
kozmetik:kozmetik-vitrini,497,497,-379,22.2,7.8,832705124,378048,832705124:378048,Vaseline Gluta Hya Serum Etkili UV Losyon Leke Karşıtı ve Aydınlatıcı 200 ml,Vaseline,Unilever,266.36,,-10.9,InStock,,,,,4.4,595,0,599,[],Tahmini Teslim:,carried_forward,14,https://www.trendyol.com/vaseline/gluta-hya-serum-etkili-uv-losyon-leke-karsiti-ve-aydinlatici-200-ml-p-832705124?boutiqueId=61&merchantId=378048
kozmetik:kozmetik-vitrini,149,149,-49,20.1,24.5,1135584473,4473,1135584473:4473,Flormar Extreme Tattoo Mat Asansörlü Kalemtıraşlı Jel Göz Kalemi & Far Stick - 002 Burgundy,Flormar,Flormar,449.99,,-10,InStock,Son 3 günde 250+ ürün satıldı!,3,250,83.3,4.578199052132702,96,1,21,"[""Kargo Bedava"",""Trendyol Plus'a Özel""]",9 saat 51 dakika içinde sipariş verirsen en geç bugün kargoda!,refreshed,0,https://www.trendyol.com/flormar/extreme-tattoo-mat-asansorlu-kalemtirasli-jel-goz-kalemi-far-stick-002-burgundy-p-1135584473?boutiqueId=61&merchantId=4473
kozmetik:kozmetik-vitrini,320,320,-159,83.4,16.2,939720259,803797,939720259:803797,SELİNBEAUTY Skin&Care Nefes Tazeleyici Ağız Kokusu Önleyici Spreyi,SELİNBEAUTY,Selin Beauty,269.9,599.9,-10,InStock,Son 3 günde 250+ ürün satıldı!,3,250,83.3,4.4,1064,0,152,"[""Son 10 Günün En Düşük Fiyatı""]",Tahmini Teslim:,carried_forward,29,https://www.trendyol.com/selinbeauty/skin-care-nefes-tazeleyici-agiz-kokusu-onleyici-spreyi-p-939720259?boutiqueId=61&merchantId=803797
kozmetik:makyaj,272,993,,36.4,2,749788569,4473,749788569:4473,Flormar Besleyici Dudak Parlatıcısı - Dewy Lip Glaze - 021 Shine Today-8682536069380,Flormar,Flormar,359.99,392.99,-10,InStock,,,,,4.659116022099447,3139,,156,"[""Kargo Bedava"",""Son 10 Günün En Düşük Fiyatı"",""Son 10 günün en düşük fiyatı"",""Trendyol Plus'a Özel""]",9 saat 48 dakika içinde sipariş verirsen en geç bugün kargoda!,refreshed,0,https://www.trendyol.com/flormar/besleyici-dudak-parlaticisi-dewy-lip-glaze-021-shine-today-8682536069380-p-749788569?boutiqueId=61&merchantId=4473
kozmetik:kozmetik-vitrini,244,244,-136,27.3,17.3,947763056,1028724,947763056:1028724,Nail Master Yapışkan Tabaka Temizleyici Kalıcı Oje Protez Tırnak Jel Kat Temizleme Cleanser Tüysüz Mendil Seti,Nail Master,Doğanlı Kozmetik,126.13,,-9.9,InStock,Son 3 günde 250+ ürün satıldı!,3,250,83.3,4.552927261975163,768,0,88,"[""Kargo Bedava""]",11 saat 50 dakika içinde sipariş verirsen en geç bugün kargoda!,refreshed,0,https://www.trendyol.com/nail-master/yapiskan-tabaka-temizleyici-kalici-oje-protez-tirnak-jel-kat-temizleme-cleanser-tuysuz-mendil-seti-p-947763056?boutiqueId=61&merchantId=1028724
kozmetik:kozmetik-vitrini,66,66,55,64,50.5,36381584,245935,36381584:245935,Avene Cicalfate+ Hassas ve Yıpranmış Ciltler için Yatıştırıcı ve Onarıcı Bakım Kremi 40 ml,Avene,Kozvit,541.99,599.2,-9.6,InStock,"Son 3 günde 1,5B+ ürün satıldı!",3,1500,500,4.320388349514563,4819,-3,2910,"[""Kargo Bedava"",""Son 10 Günün En Düşük Fiyatı"",""Son 10 günün en düşük fiyatı"",""Trendyol Plus'a Özel""]",12 saat 53 dakika içinde sipariş verirsen en geç bugün kargoda!,refreshed,0,https://www.trendyol.com/avene/cicalfate-hassas-ve-yipranmis-ciltler-icin-yatistirici-ve-onarici-bakim-kremi-40-ml-p-36381584?boutiqueId=61&merchantId=245935
kozmetik:kozmetik-vitrini,183,183,-66,50.2,20.8,316160450,1305096,316160450:1305096,rise and shine Antiperspirant Whitening Roll-on - 75 ml,rise and shine,LUNESSA KOZMETİK,180,199,-9.5,InStock,Son 3 günde 500+ ürün satıldı!,3,500,166.7,4.423285198555956,11049,5,1755,"[""Son 10 Günün En Düşük Fiyatı"",""Sepette %70 İndirim"",""Sepette %2 İndirim"",""Kargo Bedava"",""Son 10 günün en düşük fiyatı"",""Trendyol Plus'a Özel""]",21 saat 51 dakika içinde sipariş verirsen en geç yarın kargoda!,refreshed,0,https://www.trendyol.com/rise-and-shine/antiperspirant-whitening-roll-on-75-ml-p-316160450?boutiqueId=61&merchantId=1305096
kozmetik:makyaj,14,735,,104.6,59.7,84812163,4473,84812163:4473,Flormar Nemlendirici Parlak Ruj- Sheer Up Lipstick - 013 Gaia - 8682536012119,Flormar,URZ E-ticaret,379.99,399.99,-9.5,InStock,Son 3 günde 1B+ ürün satıldı!,3,1000,333.3,4.7,7407,0,376,"[""Kargo Bedava"",""Son 10 Günün En Düşük Fiyatı""]",11 saat 57 dakika içinde sipariş verirsen en geç yarın kargoda!,carried_forward,2,https://www.trendyol.com/flormar/nemlendirici-parlak-ruj-sheer-up-lipstick-013-gaia-8682536012119-p-84812163?boutiqueId=61&merchantId=4473
kozmetik:kozmetik-vitrini,283,283,-148,26.8,25.8,1142734332,1031124,1142734332:1031124,THE BATH FACTORY Hot Crush Vücut Spreyi 200 ml,THE BATH FACTORY,The Bath Factory,362.35,393.78,-9.2,InStock,Son 3 günde 250+ ürün satıldı!,3,250,83.3,4.149532710280375,67,4,17,"[""Kargo Bedava"",""Son 10 Günün En Düşük Fiyatı"",""Son 10 günün en düşük fiyatı""]",8 saat 49 dakika içinde sipariş verirsen en geç bugün kargoda!,refreshed,0,https://www.trendyol.com/the-bath-factory/hot-crush-vucut-spreyi-200-ml-p-1142734332?boutiqueId=61&merchantId=1031124
kozmetik:makyaj,230,951,,28.3,1.7,2784098,1305928,2784098:1305928,Mac M·A·CXIMAL Silky Matte Lipstick Nemlendirme Etkili Yoğun Renk Sağlayan Ruj - Velvet Teddy,Mac,MacHub,730,,-8.6,InStock,,,,,4.576485461441214,3399,-2,669,"[""Kargo Bedava"",""Sepette %25 İndirim""]",Tahmini Teslimat: 30 gün içinde,refreshed,0,https://www.trendyol.com/mac/m-a-cximal-silky-matte-lipstick-nemlendirme-etkili-yogun-renk-saglayan-ruj-velvet-teddy-p-2784098?boutiqueId=61&merchantId=1305928
kozmetik:kozmetik-vitrini,245,245,10,42.3,46,941026728,707288,941026728:707288,"ORNATE Yoğun Nemlendirici Vücut Sütü Losyonu Tüy Azaltıcı, Onarıcı 4d Hyaluronik Asit 250 ml Vegan",ORNATE,Beauty Stock,250,,-8.5,InStock,Son 3 günde 1B+ ürün satıldı!,3,1000,333.3,4.415887850467289,1614,5,266,"[""Kargo Bedava"",""Trendyol Plus'a Özel""]",9 saat 50 dakika içinde sipariş verirsen en geç bugün kargoda!,refreshed,0,https://www.trendyol.com/ornate/yogun-nemlendirici-vucut-sutu-losyonu-tuy-azaltici-onarici-4d-hyaluronik-asit-250-ml-vegan-p-941026728?boutiqueId=61&merchantId=707288
kozmetik:kozmetik-vitrini,470,470,-409,23.5,6.5,728932556,1153330,728932556:1153330,eliamora Bb Krem +50 Spf Yüksek Koruyucu Dark,eliamora,URZ E-ticaret,279,,-8.2,InStock,,,,,4,859,0,951,[],,carried_forward,7,https://www.trendyol.com/eliamora/bb-krem-50-spf-yuksek-koruyucu-dark-p-728932556?boutiqueId=61&merchantId=1153330
kozmetik:kozmetik-vitrini,478,478,-327,71.5,41.9,663751330,674296,663751330:674296,Mad Parfüm Mad V109 Selective 50 ml Kadın Parfüm,Mad Parfüm,MAD PARFÜM,449.99,599.99,-8.2,InStock,Son 3 günde 1B+ ürün satıldı!,3,1000,333.3,4.4,5317,0,2347,"[""Kargo Bedava""]",Tahmini Teslim:,carried_forward,23,https://www.trendyol.com/mad-parfum/mad-v109-selective-50-ml-kadin-parfum-p-663751330?boutiqueId=61&merchantId=674296
kozmetik:kozmetik-vitrini,716,716,-526,35.5,0,302153143,712258,302153143:712258,Agarta Doğal Misvak Özlü Diş Macunu 100 ml,Agarta,XPECTUS,167,175,-8.2,InStock,,,,,4.5,7324,0,1193,"[""Son 10 Günün En Düşük Fiyatı""]",11 saat 52 dakika içinde sipariş verirsen en geç yarın kargoda!,carried_forward,20,https://www.trendyol.com/agarta/dogal-misvak-ozlu-dis-macunu-100-ml-p-302153143?boutiqueId=61&merchantId=712258
kozmetik:makyaj,161,882,,21.7,8.3,1096028237,1081577,1096028237:1081577,Golden Rose Longest Lash Tubing Mascara - Ekstra Uzunluk ve Takma Kirpik Etkili Siyah Maskara,Golden Rose,Golden Rose,347.9,,-8.2,InStock,,,,,4,521,0,49,[],11 saat 51 dakika içinde sipariş verirsen en geç yarın kargoda!,carried_forward,8,https://www.trendyol.com/golden-rose/longest-lash-tubing-mascara-ekstra-uzunluk-ve-takma-kirpik-etkili-siyah-maskara-p-1096028237?boutiqueId=61&merchantId=1081577
kozmetik:kozmetik-vitrini,335,335,-225,57.6,2.4,90899295,108362,90899295:108362,"Clinique Moisture Surge™ 100 Saat Etkili Nemlendirici Yüz Kremi 30ml | Aloe Vera Bioferment, Hyalüronik Asit",Clinique,CLINIQUE,997.5,1425,-8,InStock,,,,,4.6,2834,0,376,"[""Sepette %30 İndirim"",""Kargo Bedava""]",Tahmini Teslim:,carried_forward,27,https://www.trendyol.com/clinique/moisture-surge-100-saat-etkili-nemlendirici-yuz-kremi-30ml-aloe-vera-bioferment-hyaluronik-asit-p-90899295?boutiqueId=61&merchantId=108362
kozmetik:makyaj,125,846,,40,0,290535806,107819,290535806:107819,Maybelline New York Super Stay Vinyl Ink Uzun Süre Kalıcı Likit Parlak Ruj 15 Peachy,Maybelline New York,L'Oreal,629.96,683.96,-7.9,InStock,,,,,4.5,,,335,"[""94 TL Kupon"",""Kargo Bedava"",""Son 10 Günün En Düşük Fiyatı""]",3 saat 57 dakika içinde sipariş verirsen en geç bugün kargoda!,carried_forward,13,https://www.trendyol.com/maybelline-new-york/super-stay-vinyl-ink-uzun-sure-kalici-likit-parlak-ruj-15-peachy-p-290535806?boutiqueId=61&merchantId=107819
kozmetik:kozmetik-vitrini,638,638,-374,35.7,10.4,138203087,4473,138203087:4473,Flormar Suya Dayanıklı Jel Göz Kalemi (SİYAH)-extreme Tattoo Gel Pencil-006 Onyx-8682536028882,Flormar,Flormar,349.99,,-7.7,InStock,Son 3 günde 250+ ürün satıldı!,3,250,83.3,4.5,8793,0,637,[],Tahmini Teslim:,carried_forward,3,https://www.trendyol.com/flormar/suya-dayanikli-jel-goz-kalemi-siyah-extreme-tattoo-gel-pencil-006-onyx-8682536028882-p-138203087?boutiqueId=61&merchantId=4473
kozmetik:makyaj,24,745,,70.3,41.5,857264549,4473,857264549:4473,Flormar Hacim Veren Besleyici Maskara (SİYAH) - Carefull Volume - 000 Black - 8682536084093,Flormar,Flormar,229.99,249,-7.6,InStock,Son 3 günde 500+ ürün satıldı!,3,500,166.7,4.3,615,0,45,"[""Son 10 Günün En Düşük Fiyatı""]",Tahmini Teslim:,carried_forward,4,https://www.trendyol.com/flormar/hacim-veren-besleyici-maskara-siyah-carefull-volume-000-black-8682536084093-p-857264549?boutiqueId=61&merchantId=4473
kozmetik:kozmetik-vitrini,182,182,-21,25.4,4.6,2870702,468928,2870702:468928,Cosrx Low Ph Good Morning Gel Cleanser 150ml,Cosrx,Watsons,359.9,,-7.5,InStock,,,,,4.564687975646879,1486,1,923,"[""Kargo Bedava""]",21 saat 51 dakika içinde sipariş verirsen en geç yarın kargoda!,refreshed,0,https://www.trendyol.com/cosrx/low-ph-good-morning-gel-cleanser-150ml-p-2870702?boutiqueId=61&merchantId=468928
kozmetik:makyaj,153,874,,18.4,11.6,1040409524,1072118,1040409524:1072118,"Trade Bazaar 800 Parça Kendin Yap Kirpik Seti – 9-16mm Küme Kirpikler, Cımbız, Fırça ve Yapıştırıcı ile Birlikte",Trade Bazaar,DGN TAKIKOZMETİK,450,,-7.2,InStock,,,,,3.8,200,0,125,"[""Kargo Bedava""]",Tahmini Teslim:,carried_forward,3,https://www.trendyol.com/trade-bazaar/800-parca-kendin-yap-kirpik-seti-9-16mm-kume-kirpikler-cimbiz-firca-ve-yapistirici-ile-birlikte-p-1040409524?boutiqueId=61&merchantId=1072118
kozmetik:kozmetik-vitrini,234,234,1,25.9,4.1,802087534,691473,802087534:691473,Yves Rocher Comme une Evidence EDP- Comme Une Evidence- Kadın Parfüm-50ml,Yves Rocher,ZENIQ LİVİNG,1480.48,,-7,InStock,,,,,4.388789717957872,1737,1,321,"[""Kargo Bedava"",""Trendyol Plus'a Özel""]",8 saat 50 dakika içinde sipariş verirsen en geç bugün kargoda!,refreshed,0,https://www.trendyol.com/yves-rocher/comme-une-evidence-edp-comme-une-evidence-kadin-parfum-50ml-p-802087534?boutiqueId=61&merchantId=691473
kozmetik:kozmetik-vitrini,358,358,-80,43.6,20.8,851615150,107302,851615150:107302,Sinoz Pink Touch Anında Ton Eşitleyici Leke Karşıtı SPF50+ Pembe Sıvı Yüz Güneş Kremi PA++++ 50ml,Sinoz,Sinoz Kozmetik,423.25,444.01,-6.6,InStock,Son 3 günde 500+ ürün satıldı!,3,500,166.7,4.4,6613,0,2443,"[""Kargo Bedava"",""Son 10 Günün En Düşük Fiyatı""]",11 saat 51 dakika içinde sipariş verirsen en geç yarın kargoda!,carried_forward,8,https://www.trendyol.com/sinoz/pink-touch-aninda-ton-esitleyici-leke-karsiti-spf50-pembe-sivi-yuz-gunes-kremi-pa-50ml-p-851615150?boutiqueId=61&merchantId=107302
kozmetik:kozmetik-vitrini,327,327,-231,107.4,10.4,208525561,391189,208525561:391189,s'hevec Gözenek Sıkılaştırıcı ve Leke Karşıtı Glikolik Asit 200 ml Vegan Tonik Glyc–Alright,s'hevec Gözenek,She Vec,269.9,819.9,-5.9,InStock,Son 3 günde 250+ ürün satıldı!,3,250,83.3,4.5,,,9884,"[""Son 10 Günün En Düşük Fiyatı"",""Süper Fırsat Ürünü""]",Tahmini Teslim:,carried_forward,18,https://www.trendyol.com/s-hevec/gozenek-sikilastirici-ve-leke-karsiti-glikolik-asit-200-ml-vegan-tonik-glyc-alright-p-208525561?boutiqueId=61&merchantId=391189
kozmetik:kozmetik-vitrini,363,363,-80,28.1,1.9,814330140,1044116,814330140:1044116,L'Oreal Paris Infaillible Makyaj Sabitleyici Sprey 75 ml - Makyajı Sabitleyen 36 Saate Kadar Kalıcı Sprey,L'Oreal Paris Infaillible,L'Oreal,490.43,,-5.8,InStock,,,,,4.2,3224,0,205,"[""Kargo Bedava""]",1 saat 50 dakika içinde sipariş verirsen en geç bugün kargoda!,carried_forward,4,https://www.trendyol.com/l-oreal-paris/infaillible-makyaj-sabitleyici-sprey-75-ml-makyaji-sabitleyen-36-saate-kadar-kalici-sprey-p-814330140?boutiqueId=61&merchantId=1044116
kozmetik:kozmetik-vitrini,465,465,-277,22.8,7.2,641276168,770391,641276168:770391,NOVEX My Curls - Kıvırcık Saçlar Için Bukle Belirginleştirici Durulanmayan Saç Bakım Kremi 500g,NOVEX,Novex,443.36,,-5.8,InStock,,,,,4.3,711,0,294,"[""Kargo Bedava""]",Tahmini Teslim:,carried_forward,21,https://www.trendyol.com/novex/my-curls-kivircik-saclar-icin-bukle-belirginlestirici-durulanmayan-sac-bakim-kremi-500g-p-641276168?boutiqueId=61&merchantId=770391
kozmetik:kozmetik-vitrini,445,445,-212,39.5,10.7,1263243,107819,1263243:107819,"Garnier Micellar Makyaj Temizleme Suyu 400ML, 24 Saat Nemlendirme, Hassas Ciltler için",Garnier,Happy Center,269.9,286.15,-5.7,InStock,Son 3 günde 250+ ürün satıldı!,3,250,83.3,4.7,5132,0,310,"[""Son 10 Günün En Düşük Fiyatı""]",2 saat 47 dakika içinde sipariş verirsen en geç bugün kargoda!,carried_forward,5,https://www.trendyol.com/garnier/micellar-makyaj-temizleme-suyu-400ml-24-saat-nemlendirme-hassas-ciltler-icin-p-1263243?boutiqueId=61&merchantId=107819
kozmetik:kozmetik-vitrini,62,62,9,36.1,28,159186217,468928,159186217:468928,"Round Lab Birch Juice Moisturizing Sunscreen Nemlendirici, Aydınlatıcı Güneş Kremi 50 ml",Round Lab,Watsons,665.61,699.9,-5.3,InStock,Son 3 günde 500+ ürün satıldı!,3,500,166.7,4.46677091477717,725,-1,787,"[""Kargo Bedava"",""Son 10 Günün En Düşük Fiyatı"",""Son 10 günün en düşük fiyatı""]",21 saat 53 dakika içinde sipariş verirsen en geç yarın kargoda!,refreshed,0,https://www.trendyol.com/round-lab/birch-juice-moisturizing-sunscreen-nemlendirici-aydinlatici-gunes-kremi-50-ml-p-159186217?boutiqueId=61&merchantId=468928
kozmetik:kozmetik-vitrini,3,3,0,103.2,38.9,1100692352,774845,1100692352:774845,NUTRAX Nutraxmen Kalıcı Erkek Parfüm EDP 50 ml Odunsu Baharatlı,NUTRAX,NUTRAX,940,,-5.1,InStock,Son 3 günde 250+ ürün satıldı!,3,250,83.3,4.221827411167513,1335,5,348,"[""Kargo Bedava""]",9 saat 54 dakika içinde sipariş verirsen en geç bugün kargoda!,refreshed,0,https://www.trendyol.com/nutrax/nutraxmen-kalici-erkek-parfum-edp-50-ml-odunsu-baharatli-p-1100692352?boutiqueId=61&merchantId=774845
kozmetik:kozmetik-vitrini,93,93,-33,27.4,17.2,970253213,891275,970253213:891275,Kremi Allık Ruj Göz Farı Kiss&Blush | Nemlendirici Makyaj Makeup | Stick | Seramid Skualen Vitamin E,Kremi,Kremi,284.9,,-5,InStock,Son 3 günde 250+ ürün satıldı!,3,250,83.3,4.225423728813559,806,0,75,"[""Sepette %1 İndirim"",""Kargo Bedava"",""Trendyol Plus'a Özel""]",13 saat 52 dakika içinde sipariş verirsen en geç bugün kargoda!,refreshed,0,https://www.trendyol.com/kremi/allik-ruj-goz-fari-kiss-blush-nemlendirici-makyaj-makeup-stick-seramid-skualen-vitamin-e-p-970253213?boutiqueId=61&merchantId=891275
kozmetik:kozmetik-vitrini,297,297,-148,33.2,11.4,4380989,4473,4380989:4473,Flormar Suya Dayanıklı Dudak Kalemi (KAHVE) - Waterproof Lipliner - 244 Chocolate Fondue - 8690604567591,Flormar,Flormar,189.99,,-5,InStock,Son 3 günde 250+ ürün satıldı!,3,250,83.3,4.638177371605098,4282,-1,101,"[""Sepette %30 İndirim"",""Sepette %25 İndirim"",""100 TL Kupon"",""Kargo Bedava"",""Son 10 Günün En Düşük Fiyatı""]",9 saat 49 dakika içinde sipariş verirsen en geç bugün kargoda!,refreshed,0,https://www.trendyol.com/flormar/suya-dayanikli-dudak-kalemi-kahve-waterproof-lipliner-244-chocolate-fondue-8690604567591-p-4380989?boutiqueId=61&merchantId=4473
kozmetik:kozmetik-vitrini,506,506,-256,27.8,7.2,84635173,908896,84635173:908896,mia klinika Cilt Aydınlatıcı C Vitamini Serumu,mia klinika,Mia Klinika,189.05,199,-5,InStock,,,,,4.3,698,0,517,"[""Sepette %5 İndirim""]",51 dakika 23 saniye içinde sipariş verirsen en geç bugün kargoda!,carried_forward,4,https://www.trendyol.com/mia-klinika/cilt-aydinlatici-c-vitamini-serumu-p-84635173?boutiqueId=61&merchantId=908896
kozmetik:kozmetik-vitrini,561,561,-271,31.6,18,1033265240,908896,1033265240:908896,mia klinika 72 Saat Etkili Su Bazlı Yoğun Nemlendirici Yüz Kremi,mia klinika,Mia Klinika,331.55,349,-5,InStock,Son 3 günde 250+ ürün satıldı!,3,250,83.3,4.4,639,0,233,"[""Sepette %5 İndirim""]",Tahmini Teslim:,carried_forward,3,https://www.trendyol.com/mia-klinika/72-saat-etkili-su-bazli-yogun-nemlendirici-yuz-kremi-p-1033265240?boutiqueId=61&merchantId=908896
kozmetik:kozmetik-vitrini,566,566,-351,31.4,3.6,922442376,908896,922442376:908896,mia klinika Tiger Grass Ton Eşitleyici Kızarıklık Karşıtı 50 Spf Cica Krem 30 ml,mia klinika,Mia Klinika,331.55,349,-5,InStock,,,,,4.1,1977,0,,"[""Sepette %5 İndirim""]",Tahmini Teslim:,carried_forward,10,https://www.trendyol.com/mia-klinika/tiger-grass-ton-esitleyici-kizariklik-karsiti-50-spf-cica-krem-30-ml-p-922442376?boutiqueId=61&merchantId=908896
kozmetik:kozmetik-vitrini,582,582,-331,35.2,10.4,112079,105053,112079:105053,Avon Incandessence Kadın Parfüm Edp 50 Ml.,Avon,Favoriyum,570.9,,-4.8,InStock,Son 3 günde 250+ ürün satıldı!,3,250,83.3,4.5,7535,0,615,"[""Kargo Bedava""]",2 saat 48 dakika içinde sipariş verirsen en geç bugün kargoda!,carried_forward,7,https://www.trendyol.com/avon/incandessence-kadin-parfum-edp-50-ml-p-112079?boutiqueId=61&merchantId=105053
kozmetik:makyaj,81,802,,21.6,8.4,71624930,1072118,71624930:1072118,tnl shop Et Itici Portakal Çubuğu 100lü,tnl shop,DGN TAKIKOZMETİK,71.5,,-4.7,InStock,,,,,4.7,498,0,28,"[""20 TL Kupon""]",11 saat 52 dakika içinde sipariş verirsen en geç yarın kargoda!,carried_forward,16,https://www.trendyol.com/tnl-shop/et-itici-portakal-cubugu-100lu-p-71624930?boutiqueId=61&merchantId=1072118
kozmetik:kozmetik-vitrini,450,450,-284,31.4,13.1,6062531,488161,6062531:488161,Igora Royal Özel Seriler 0-22 Turuncu Azaltıcı Saç Boyası 60ml,Igora,MAS BEAUTY,472,,-4.3,InStock,Son 3 günde 250+ ürün satıldı!,3,250,83.3,4.3,2567,0,2072,"[""Kargo Bedava""]",11 saat 53 dakika içinde sipariş verirsen en geç yarın kargoda!,carried_forward,22,https://www.trendyol.com/igora/royal-ozel-seriler-0-22-turuncu-azaltici-sac-boyasi-60ml-p-6062531?boutiqueId=61&merchantId=488161
kozmetik:kozmetik-vitrini,368,368,-192,37.5,25.9,1093215130,1142754,1093215130:1142754,VULLY Panthenol Plus 48 Saate Kadar Yoğun Nemlendirici ve Onarıcı Yüz & Vücut Kremi 250 ml,VULLY,ORABELLA KOZMETİK,346.5,361.85,-4.2,InStock,Son 3 günde 500+ ürün satıldı!,3,500,166.7,4.3,1323,0,382,"[""Son 10 Günün En Düşük Fiyatı""]",Tahmini Teslim:,carried_forward,2,https://www.trendyol.com/vully/panthenol-plus-48-saate-kadar-yogun-nemlendirici-ve-onarici-yuz-vucut-kremi-250-ml-p-1093215130?boutiqueId=61&merchantId=1142754
kozmetik:kozmetik-vitrini,170,170,-30,19.1,10.9,993302919,1009677,993302919:1009677,Victoria's Secret Bare Vanilla Vücut Spreyi,Victoria's Secret,SAREZ MAĞAZACILIK,1060,,-3.9,InStock,,,,,4.342490842490841,245,0,85,"[""Kargo Bedava""]",21 saat 51 dakika içinde sipariş verirsen en geç yarın kargoda!,refreshed,0,https://www.trendyol.com/victoria-s-secret/bare-vanilla-vucut-spreyi-p-993302919?boutiqueId=61&merchantId=1009677
kozmetik:kozmetik-vitrini,157,157,-10,32,27.1,1138309399,830154,1138309399:830154,"CALLİEL 72 Saat Yoğun Nemlendirme Etikili, 20 SPF, 4D Hyaluronic Acid ve Cica Complex, Bariyer Destekleyici Nemlendirici 90 ML",CALLİEL,Calliel,380,,-3.6,InStock,Son 3 günde 500+ ürün satıldı!,3,500,166.7,4.123704663212435,913,13,239,"[""Kargo Bedava"",""Son 10 Günün En Düşük Fiyatı"",""Trendyol Plus'a Özel""]",14 saat 51 dakika içinde sipariş verirsen en geç bugün kargoda!,refreshed,0,https://www.trendyol.com/calliel/72-saat-yogun-nemlendirme-etikili-20-spf-4d-hyaluronic-acid-ve-cica-complex-bariyer-destekleyici-nemlendirici-90-ml-p-1138309399?boutiqueId=61&merchantId=830154
kozmetik:kozmetik-vitrini,45,45,140,23.1,9.4,46616305,386081,46616305:386081,Gomax Çantalı 13 Parça Manikür Pedikür Seti Bakım El Ayak Tırnak Makası Törpü Cımbız Pense Akne Iğnesi,Gomax,CHN GROUP,164,,-3.5,InStock,,,,,3.318081180811808,777,-2,104,"[""Kargo Bedava""]",12 saat 53 dakika içinde sipariş verirsen en geç bugün kargoda!,refreshed,0,https://www.trendyol.com/gomax/cantali-13-parca-manikur-pedikur-seti-bakim-el-ayak-tirnak-makasi-torpu-cimbiz-pense-akne-ignesi-p-46616305?boutiqueId=61&merchantId=386081
kozmetik:kozmetik-vitrini,499,499,-316,20.1,10.9,830267663,812642,830267663:812642,AcarlarTicaret 21 Parça Pro Nail Art Desen Tırnak Süsleme Dot Ve French Seti,AcarlarTicaret,ACARLAR TİCARET,170.59,172.31,-3.3,InStock,,,,,4.2,243,0,,"[""Sepette %1 İndirim""]",Tahmini Teslim:,carried_forward,10,https://www.trendyol.com/acarlarticaret/21-parca-pro-nail-art-desen-tirnak-susleme-dot-ve-french-seti-p-830267663?boutiqueId=61&merchantId=812642
kozmetik:kozmetik-vitrini,233,233,38,38.8,10.4,35542117,105053,35542117:105053,Avon True Nourishing Dudak Yağı 7 Ml. Blossom,Avon,AvonShop,177.85,183.79,-3.2,InStock,Son 3 günde 250+ ürün satıldı!,3,250,83.3,4.677488429923327,8539,-14,379,"[""Son 10 Günün En Düşük Fiyatı"",""Kargo Bedava"",""Son 10 günün en düşük fiyatı""]",11 saat 50 dakika içinde sipariş verirsen en geç bugün kargoda!,refreshed,0,https://www.trendyol.com/avon/true-nourishing-dudak-yagi-7-ml-blossom-p-35542117?boutiqueId=61&merchantId=105053
kozmetik:kozmetik-vitrini,19,19,-13,78.6,67.2,1174062985,830154,1174062985:830154,"CALLİEL Yoğun Nemlendirici, Yumuşatıcı, Işıltı Verici Tinted Dudak Bakım Maskesi",CALLİEL,Calliel,384,,-2.8,InStock,Son 3 günde 1B+ ürün satıldı!,3,1000,333.3,4.249560632688928,310,28,91,"[""Kargo Bedava"",""Trendyol Plus'a Özel""]",14 saat 53 dakika içinde sipariş verirsen en geç bugün kargoda!,refreshed,0,https://www.trendyol.com/calliel/yogun-nemlendirici-yumusatici-isilti-verici-tinted-dudak-bakim-maskesi-p-1174062985?boutiqueId=61&merchantId=830154
kozmetik:kozmetik-vitrini,458,458,-223,16.9,13.1,1110108915,1083177,1110108915:1083177,Eyüp Sabri Tuncer İngiliz Karbonatlı Diş Macunu 90 ml,Eyüp Sabri Tuncer,DAĞDEVİREN GROSS,172.71,,-2.8,InStock,,,,,4.5,130,0,32,[],Tahmini Teslim:,carried_forward,3,https://www.trendyol.com/eyup-sabri-tuncer/ingiliz-karbonatli-dis-macunu-90-ml-p-1110108915?boutiqueId=61&merchantId=1083177
kozmetik:makyaj,181,902,,89.4,5.6,825517895,205639,825517895:205639,Note Cosmetics New Era Skin Protecting Concealer Nemli Bitişli Göz Altı Kapatıcısı - 20 Light Beige,Note Cosmetics,Note Cosmetics,349.9,999.71,-2.8,InStock,,,,,4.3,,,251,"[""Sepette %65 İndirim"",""Süper Fırsat Ürünü""]",Tahmini Teslim:,carried_forward,22,https://www.trendyol.com/note-cosmetics/new-era-skin-protecting-concealer-nemli-bitisli-goz-alti-kapaticisi-20-light-beige-p-825517895?boutiqueId=61&merchantId=205639
kozmetik:kozmetik-vitrini,166,166,-16,27.8,3.5,329090366,132640,329090366:132640,Nascita Açılır/kapanır Yüz Ustura Seti 2'li - 16,Nascita,altıntepeshop,149.95,152,-2.6,InStock,,,,,4.424257549288745,2070,-2,341,"[""Son 10 Günün En Düşük Fiyatı"",""Sepette %20 İndirim"",""Sepette %5 İndirim"",""99 TL Kupon"",""199 TL Kupon"",""20 TL Kupon"",""Kargo Bedava"",""Son 10 günün en düşük fiyatı"",""Trendyol Plus'a Özel""]",21 saat 51 dakika içinde sipariş verirsen en geç yarın kargoda!,refreshed,0,https://www.trendyol.com/nascita/acilir-kapanir-yuz-ustura-seti-2-li-16-p-329090366?boutiqueId=61&merchantId=132640
kozmetik:kozmetik-vitrini,163,163,-37,40.7,20.8,780589053,568895,780589053:568895,Flormar Doğal Formüllü Kirpik Uzatıcı Maskara (Siyah) - Longer Than Ever Mascara - 001 Black - 8682536067119,Flormar,Trendsin Evim,492.73,,-2.4,InStock,Son 3 günde 500+ ürün satıldı!,3,500,166.7,4.609123794212219,11019,2,500,"[""Kargo Bedava"",""92 TL Kupon"",""619,95 TL Kupon"",""100 TL Kupon"",""Son 10 Günün En Düşük Fiyatı"",""Trendyol Plus'a Özel""]",8 saat 51 dakika içinde sipariş verirsen en geç bugün kargoda!,refreshed,0,https://www.trendyol.com/flormar/dogal-formullu-kirpik-uzatici-maskara-siyah-longer-than-ever-mascara-001-black-8682536067119-p-780589053?boutiqueId=61&merchantId=568895
kozmetik:kozmetik-vitrini,399,399,-234,39,21.2,456483016,650379,456483016:650379,Holika Holika Aloe Soothing Essence Waterproof Sun Cream Spf50 - Aloe Yatıştırıcı Özlü Güneş Kremi 70ml,Holika Holika,Ledoria Kozmetik,614.29,620.5,-2.3,InStock,Son 3 günde 500+ ürün satıldı!,3,500,166.7,4.6,5088,0,2250,"[""Kargo Bedava"",""Son 10 Günün En Düşük Fiyatı""]",11 saat 52 dakika içinde sipariş verirsen en geç yarın kargoda!,carried_forward,21,https://www.trendyol.com/holika-holika/aloe-soothing-essence-waterproof-sun-cream-spf50-aloe-yatistirici-ozlu-gunes-kremi-70ml-p-456483016?boutiqueId=61&merchantId=650379
kozmetik:kozmetik-vitrini,134,134,162,29.2,0.8,3748245,851567,3748245:851567,CeraVe Moisturising Cream Kuru ve Çok Kuru Ciltler İçin Nemlendirici Krem 50 ml,CeraVe,DermoVita Dermocosmetıcs,449.9,,-2.2,InStock,,,,,4.453959598463254,4421,-65,2305,"[""Kargo Bedava"",""909 TL Kupon"",""379 TL Kupon"",""529,90 TL Kupon"",""Son 10 Günün En Düşük Fiyatı""]",10 saat 52 dakika içinde sipariş verirsen en geç bugün kargoda!,refreshed,0,https://www.trendyol.com/cerave/moisturising-cream-kuru-ve-cok-kuru-ciltler-icin-nemlendirici-krem-50-ml-p-3748245?boutiqueId=61&merchantId=851567
kozmetik:makyaj,172,893,,24.2,5.8,5297991,1115102,5297991:1115102,Golden Rose Long Lasting Lip Pencil - 208 - Dudak Kalemi,Golden Rose,Osv Store,69.5,,-2.1,InStock,,,,,4.6,1055,0,77,[],4 saat 53 dakika içinde sipariş verirsen en geç bugün kargoda!,carried_forward,6,https://www.trendyol.com/golden-rose/long-lasting-lip-pencil-208-dudak-kalemi-p-5297991?boutiqueId=61&merchantId=1115102
kozmetik:kozmetik-vitrini,315,315,-176,25.9,18.7,7048320,451556,7048320:451556,Morfose Ossion Mat Saç Şekillendirici Wax 100 ml,Morfose,MORFOSE,144,,-2,InStock,Son 3 günde 250+ ürün satıldı!,3,250,83.3,4.4,513,0,305,[],11 saat 51 dakika içinde sipariş verirsen en geç yarın kargoda!,carried_forward,7,https://www.trendyol.com/morfose/ossion-mat-sac-sekillendirici-wax-100-ml-p-7048320?boutiqueId=61&merchantId=451556
kozmetik:kozmetik-vitrini,501,501,-236,29.1,2.9,31480898,1171971,31480898:1171971,Bioblas Botanic Oils Argan Yağlı Sıvı Saç Kremi 200 Ml Onarıcı Bakım Kremi,Bioblas,Miran store,195.99,199.99,-2,InStock,,,,,4.6,2415,0,609,"[""Sepette %2 İndirim""]",11 saat 50 dakika içinde sipariş verirsen en geç yarın kargoda!,carried_forward,1,https://www.trendyol.com/bioblas/botanic-oils-argan-yagli-sivi-sac-kremi-200-ml-onarici-bakim-kremi-p-31480898?boutiqueId=61&merchantId=1171971
kozmetik:kozmetik-vitrini,48,48,71,23.5,7.5,132654534,130546,132654534:130546,Olaplex No3+ Complete Repair Treatment 100 ML,Olaplex,MY GRUP KOZMETİK,1960,,-1.5,InStock,,,,,4.071539657853809,853,1,1061,"[""50 TL Kupon"",""Kargo Bedava"",""Son 10 Günün En Düşük Fiyatı""]",9 saat 53 dakika içinde sipariş verirsen en geç bugün kargoda!,refreshed,0,https://www.trendyol.com/olaplex/no3-complete-repair-treatment-100-ml-p-132654534?boutiqueId=61&merchantId=130546
kozmetik:makyaj,151,872,,28.9,1.1,85961,1081577,85961:1081577,Golden Rose Essential High Definition Lift Up & Great Volume Mascara - Lift Up Ekstra Hacim Veren Maskara,Golden Rose,Negoria,272.25,,-1.4,InStock,,,,,4.4,4128,0,303,[],Tahmini Teslim:,carried_forward,3,https://www.trendyol.com/golden-rose/essential-high-definition-lift-up-great-volume-mascara-lift-up-ekstra-hacim-veren-maskara-p-85961?boutiqueId=61&merchantId=1081577
kozmetik:kozmetik-vitrini,422,422,-316,30,2.4,85074,149326,85074:149326,Bioderma Sensibio H2O Micellar Makyaj Temizleme Suyu 2'li Set Hassas ve Tüm Ciltler Yüz ve Göz Çevresi 500ml,Bioderma,Eczasepeti,1659,1699,-1.2,InStock,,,,,4.8,2784,0,1828,"[""Kargo Bedava"",""Son 10 Günün En Düşük Fiyatı""]",11 saat 55 dakika içinde sipariş verirsen en geç yarın kargoda!,carried_forward,1,https://www.trendyol.com/bioderma/sensibio-h2o-micellar-makyaj-temizleme-suyu-2-li-set-hassas-ve-tum-ciltler-yuz-ve-goz-cevresi-500ml-p-85074?boutiqueId=61&merchantId=149326
kozmetik:kozmetik-vitrini,68,68,-9,28.1,1.9,3911060,468928,3911060:468928,Genel Markalar Reloaded Velvet Rose 15'Li Far Paleti,Genel Markalar,Watsons,296.75,,-1.1,InStock,,,,,4.604539582948884,3230,-5,186,"[""Kargo Bedava""]",21 saat 53 dakika içinde sipariş verirsen en geç yarın kargoda!,refreshed,0,https://www.trendyol.com/genel-markalar/reloaded-velvet-rose-15-li-far-paleti-p-3911060?boutiqueId=61&merchantId=468928
kozmetik:kozmetik-vitrini,289,289,-13,20.4,9.6,984758068,205639,984758068:205639,Note Cosmetics Liquid Blush Nemlendirici Etkili Likit Allık - 30 Berry (Işıltılı),Note Cosmetics,Note Cosmetics,771.14,,-1.1,InStock,,,,,4.497829232995659,353,1,57,"[""Sepette %65 İndirim"",""Süper Fırsat Ürünü"",""Kargo Bedava"",""Trendyol Plus'a Özel""]",21 saat 49 dakika içinde sipariş verirsen en geç yarın kargoda!,refreshed,0,https://www.trendyol.com/note-cosmetics/liquid-blush-nemlendirici-etkili-likit-allik-30-berry-isiltili-p-984758068?boutiqueId=61&merchantId=205639
kozmetik:kozmetik-vitrini,594,594,-496,28.1,1.9,80032381,197243,80032381:197243,Omega Plus Bad Girl Gece Mavisi Geçici-renkli Amonyaksız Saç Boyası 250 ml,Omega Plus,kozmopol,196.79,,-1.1,InStock,,,,,4.3,,,882,[],11 saat 54 dakika içinde sipariş verirsen en geç yarın kargoda!,carried_forward,19,https://www.trendyol.com/omega-plus/bad-girl-gece-mavisi-gecici-renkli-amonyaksiz-sac-boyasi-250-ml-p-80032381?boutiqueId=61&merchantId=197243
kozmetik:kozmetik-vitrini,337,337,-71,24.4,5.6,279082346,112816,279082346:112816,Kerastase Genesis Sérum Anti-Chute Fortifiant Güçsüz Saçlar Için Dökülme Karşıtı Serum 90ml,Kerastase,Salon Hair MAC,2980,,-1,InStock,,,,,4.2,1114,0,957,"[""Kargo Bedava""]",Tahmini Teslim:,carried_forward,3,https://www.trendyol.com/kerastase/genesis-serum-anti-chute-fortifiant-gucsuz-saclar-icin-dokulme-karsiti-serum-90ml-p-279082346?boutiqueId=61&merchantId=112816
kozmetik:kozmetik-vitrini,340,340,-130,27.8,16.8,982021345,830154,982021345:830154,CALLİEL Cilde Nüfuzu Kolaylaştıran Pamuk Tonik Pad 160 Adet,CALLİEL,Calliel,173.13,,-1,InStock,Son 3 günde 250+ ürün satıldı!,3,250,83.3,4.5,893,0,96,[],4 saat 47 dakika içinde sipariş verirsen en geç bugün kargoda!,carried_forward,5,https://www.trendyol.com/calliel/cilde-nufuzu-kolaylastiran-pamuk-tonik-pad-160-adet-p-982021345?boutiqueId=61&merchantId=830154
kozmetik:kozmetik-vitrini,395,395,-196,65.4,0.7,659630648,107302,659630648:107302,Sinoz Yağlı ve Karma Ciltler İçin Sebum Dengeleyici Yüz Temizleme Jeli 400 ml,Sinoz,Sinoz Kozmetik,344.52,539.4,-1,InStock,,,,,4.5,4600,0,1354,"[""Son 10 Günün En Düşük Fiyatı"",""Süper Fırsat Ürünü""]",11 saat 51 dakika içinde sipariş verirsen en geç yarın kargoda!,carried_forward,19,https://www.trendyol.com/sinoz/yagli-ve-karma-ciltler-icin-sebum-dengeleyici-yuz-temizleme-jeli-400-ml-p-659630648?boutiqueId=61&merchantId=107302
kozmetik:kozmetik-vitrini,554,554,-545,33.1,27.1,843306899,791156,843306899:791156,"Ceelini El ve Ayak Tırnak Bakım Serumu Çay Ağacı , Salisik Asit Özlü Serum 30 ml",Ceelini,The Ceel,236.69,239.08,-1,InStock,Son 3 günde 500+ ürün satıldı!,3,500,166.7,4.4,933,0,357,"[""Son 10 Günün En Düşük Fiyatı""]",11 saat 57 dakika içinde sipariş verirsen en geç yarın kargoda!,carried_forward,1,https://www.trendyol.com/ceelini/el-ve-ayak-tirnak-bakim-serumu-cay-agaci-salisik-asit-ozlu-serum-30-ml-p-843306899?boutiqueId=61&merchantId=791156
kozmetik:kozmetik-vitrini,96,96,112,21.4,8.6,887972886,1225461,887972886:1225461,Tangle Teezer Ultimate Detangler Chrome Champagne Gold Islak & Kuru Düz ve Kıvırcık Saçlar için Saç Fırçası-Tarak,Tangle Teezer,Tangle Teezer,1659,,-0.6,InStock,,,,,4.619105199516324,477,0,148,"[""Kargo Bedava""]",Tahmini Teslim:,refreshed,0,https://www.trendyol.com/tangle-teezer/ultimate-detangler-chrome-champagne-gold-islak-kuru-duz-ve-kivircik-saclar-icin-sac-fircasi-tarak-p-887972886?boutiqueId=61&merchantId=1225461
kozmetik:kozmetik-vitrini,255,255,-195,40.7,20.8,5770567,365501,5770567:365501,La Roche Posay Anthelios Uvmune 400 Invisible Fluid Tüm Cilt Tipleri İçin Yüksek Koruma SPF50+ Yüz Güneş Kremi 50ML,La Roche Posay,La Roche Posay,859.9,,-0.3,InStock,Son 3 günde 500+ ürün satıldı!,3,500,166.7,4.250235449237144,11232,-104,8440,"[""Kargo Bedava"",""Trendyol Plus'a Özel""]",Tahmini Teslim:,refreshed,0,https://www.trendyol.com/la-roche-posay/anthelios-uvmune-400-invisible-fluid-tum-cilt-tipleri-icin-yuksek-koruma-spf50-yuz-gunes-kremi-50ml-p-5770567?boutiqueId=61&merchantId=365501
kozmetik:kozmetik-vitrini,369,369,-194,17.7,12.3,849561974,875815,849561974:875815,"Anyong Sivilce Karşıtı, Yatıştırıcı Azelaik Asit %5 Serum 30 ml (Centella Özü & Prebiyotik)",Anyong,Anyong,299,,-0.3,InStock,,,,,4.5,164,0,181,[],53 dakika 33 saniye içinde sipariş verirsen en geç bugün kargoda!,carried_forward,6,https://www.trendyol.com/anyong/sivilce-karsiti-yatistirici-azelaik-asit-5-serum-30-ml-centella-ozu-prebiyotik-p-849561974?boutiqueId=61&merchantId=875815
kozmetik:kozmetik-vitrini,528,528,-256,33.2,0,641085197,107819,641085197:107819,L'Oreal Paris SPF 50+ UV Korumalı Aydınlatıcı C ve E Vitaminleri İçeren Yüz Güneş Kremi 50ml,L'Oreal Paris SPF,L'Oreal,599,,-0.2,InStock,,,,,4.6,14221,0,3083,"[""89 TL Kupon""]",11 saat 51 dakika içinde sipariş verirsen en geç yarın kargoda!,carried_forward,2,https://www.trendyol.com/l-oreal-paris/spf-50-uv-korumali-aydinlatici-c-ve-e-vitaminleri-iceren-yuz-gunes-kremi-50ml-p-641085197?boutiqueId=61&merchantId=107819
kozmetik:kozmetik-vitrini,116,116,17,36,10.4,249124486,1188325,249124486:1188325,NYX Professional Makeup Bare With Me Kapatıcı Serum 02 Light Concealer,NYX Professional Makeup,Almira Milano,769.14,,-0.1,InStock,Son 3 günde 250+ ürün satıldı!,3,250,83.3,4.6268198292278395,9533,-8,768,"[""Kargo Bedava""]",9 saat 52 dakika içinde sipariş verirsen en geç bugün kargoda!,refreshed,0,https://www.trendyol.com/nyx-professional-makeup/bare-with-me-kapatici-serum-02-light-concealer-p-249124486?boutiqueId=61&merchantId=1188325
kozmetik:kozmetik-vitrini,173,173,-8,28.2,31,1130899457,107819,1130899457:107819,Maybelline New York Lash Sensational Sky Tubes Maskara - Limitsiz Uzunluk ve Hacim Etkisi Veren Tubing Maskara,Maybelline New York,L'Oreal,698.95,,-0.1,InStock,Son 3 günde 500+ ürün satıldı!,3,500,166.7,4.593360995850622,305,3,46,"[""104 TL Kupon"",""Kargo Bedava"",""Son 10 Günün En Düşük Fiyatı""]",21 saat 51 dakika içinde sipariş verirsen en geç yarın kargoda!,refreshed,0,https://www.trendyol.com/maybelline-new-york/lash-sensational-sky-tubes-maskara-limitsiz-uzunluk-ve-hacim-etkisi-veren-tubing-maskara-p-1130899457?boutiqueId=61&merchantId=107819
